DRC errors report for current cell
--------------------------------------------

Metal5 spacing < 0.38um (MT.2a)
-14.925 255.900 -14.550 256.280
-14.545 255.500 -14.170 255.560
-14.545 255.560 -14.170 255.840
-14.545 255.840 -14.170 255.900
-14.925 249.600 -14.550 249.680
-14.925 249.300 -14.550 249.600
-14.545 248.900 -14.170 248.960
-14.545 248.960 -14.170 249.240
-14.545 249.240 -14.170 249.300
-14.925 195.900 -14.550 196.280
-14.545 195.500 -14.170 195.560
-14.545 195.560 -14.170 195.840
-14.545 195.840 -14.170 195.900
-14.925 189.600 -14.550 189.680
-14.925 189.300 -14.550 189.600
-14.545 188.900 -14.170 188.960
-14.545 188.960 -14.170 189.240
-14.545 189.240 -14.170 189.300
--------------------------------------------
Total DRC errors count: 8
